Theta0:8499.592656183348
Theta1:-0.021448908597416654
